-3.052768e+01	2.036447e+01	9.620888e+00	-1.785828e-03	4.181829e-03	1.061306e-03
5.553717e+00	-3.544085e+00	2.666290e+00	2.519058e-04	-1.338004e-04	1.792689e-03
4.514993e+01	-1.384286e+01	1.404003e+01	-1.715296e-03	-9.729699e-03	-7.829498e-04
1.167372e+01	-5.574843e+00	-5.856496e+00	1.448771e-03	1.926219e-03	-1.316704e-03
8.179002e+00	-2.693479e+00	-3.117137e+00	5.601438e-04	-4.684075e-04	-1.593169e-03
-2.202209e+01	1.395822e+01	-9.490604e+00	-2.244937e-03	1.387761e-03	2.739619e-04
4.763154e+00	9.154247e+00	3.575061e+00	2.678424e-03	-1.818945e-03	1.642478e-04
-5.789461e+00	2.578096e+01	8.660345e+00	1.240385e-03	-7.868538e-04	2.953652e-03
4.723708e+01	-5.177348e+00	-5.495838e+00	-8.716976e-04	-1.092513e-02	1.014102e-03
-4.111073e+00	-4.895629e+01	-1.015474e+01	5.377461e-03	-5.909106e-04	2.096788e-03
3.398493e+01	-3.690581e+01	3.039626e+00	4.754610e-03	-5.972427e-03	2.641788e-03
2.788378e+01	1.345055e+01	3.934038e+00	2.234364e-03	-6.229313e-03	-4.303973e-04
1.808966e+01	-7.793706e+00	1.432006e+00	-2.124937e-03	-3.708321e-03	-9.554143e-04
4.261895e+01	3.300524e+01	-4.632781e+00	-6.001583e-03	-1.013262e-02	-6.160854e-04
1.474351e+01	-1.277440e+01	-3.870635e+00	-1.423149e-04	6.211850e-04	1.323372e-03
4.136179e+01	-4.527690e+01	-8.067620e+00	1.273617e-03	-7.701000e-03	-8.962570e-04
7.038418e+00	1.011856e+01	-1.515370e-01	2.212074e-03	-1.218860e-03	9.158286e-04
-2.692000e+01	1.855742e+00	-9.565642e+00	6.877680e-03	5.018853e-03	2.909060e-03
3.860205e+01	-3.244387e+01	-1.957649e+01	-2.243291e-03	-5.632952e-03	-2.900611e-04
4.640399e+01	3.698921e+01	1.240156e+01	-1.279269e-03	-9.866579e-03	5.724833e-04
1.311519e+01	-2.473841e+00	1.123823e+01	-3.842033e-03	-3.152111e-03	-2.419988e-03
3.472717e+01	6.924130e+00	1.318336e+01	1.025424e-03	-5.147756e-03	-6.621757e-04
-3.758167e+00	3.211258e+00	-5.694758e-01	1.031363e-03	6.328696e-04	3.725748e-05
2.644251e+01	2.535250e+01	-3.849186e+00	-4.070994e-03	-5.133785e-03	4.071446e-05
2.983260e+01	-4.425637e+01	-2.804078e+00	-7.112762e-03	-6.993329e-03	5.605549e-04
4.298259e+01	-4.274732e+01	-1.221867e+01	-5.847280e-04	-8.352135e-03	1.592893e-03
4.378898e+01	-3.414599e+01	1.741828e+00	7.908802e-03	-7.722100e-03	4.206661e-05
-2.663775e+01	4.620226e+01	-1.293146e+00	-5.238458e-03	5.328660e-03	6.572510e-04
2.811848e+01	-3.735576e+01	-8.648555e+00	5.694012e-03	-2.780123e-03	6.643151e-04
7.387649e+00	2.458227e+00	-1.835732e+01	9.450955e-04	-9.317330e-04	4.813506e-04
3.203277e+01	1.289810e+00	9.419086e-03	-2.586208e-03	-5.995663e-03	-9.772300e-04
-2.506268e+01	-2.972385e+01	-1.583297e+00	2.198638e-03	6.793519e-03	2.089009e-03
-4.629061e+01	-3.809769e+01	-4.231686e+00	-2.958420e-03	5.861192e-03	-2.109515e-03
2.539837e+01	-1.892273e+01	8.637095e+00	-1.138962e-03	-4.451735e-03	-4.200011e-04
-3.109161e+01	3.347814e+01	4.128298e+00	-1.798102e-03	4.831646e-03	-1.092095e-03
-2.134348e+01	3.561722e+01	7.245327e+00	-1.987360e-03	4.400649e-03	1.302040e-03
3.538994e+01	-2.564705e+01	5.913307e+00	-2.225388e-03	-1.012942e-02	1.078133e-03
3.786318e+01	-1.928022e+01	6.438669e+00	-2.529338e-03	-7.033297e-03	-1.345786e-04
-2.007494e+01	9.871518e+00	1.901028e+00	-3.662114e-04	2.261240e-03	-2.428061e-04
-1.447861e+01	9.935410e+00	5.159071e+00	-1.866904e-04	-1.544821e-04	-1.369638e-04
4.457889e+01	2.297314e+01	-2.187275e+00	-7.215645e-03	-8.499285e-03	2.196598e-03
6.970217e+00	-3.921134e+01	6.310012e+00	1.184254e-03	8.226554e-04	-6.460163e-04
2.461838e+01	8.263061e+00	-1.412671e+01	-5.102777e-03	-4.691707e-03	-3.656341e-03
1.975841e+01	3.622985e+01	1.908507e+00	2.820382e-03	-2.912223e-03	2.994156e-03
3.123015e+01	2.396310e+00	1.130186e+01	1.554159e-03	-6.099162e-03	-2.069721e-03
-4.523319e+01	3.480633e+01	-1.062623e+01	-4.438480e-03	5.726906e-03	-2.697053e-03
9.882078e+00	-3.723522e-02	-8.580776e+00	1.965965e-03	4.790189e-04	-5.762989e-05
4.542166e+00	-2.965871e+00	9.210250e+00	2.876841e-03	-1.380286e-03	-2.005031e-03
2.054053e+01	2.383755e+01	-1.550709e+01	-2.085577e-03	-1.324133e-03	3.654795e-04
4.053178e+01	-1.922489e+01	-1.273642e+00	-3.540770e-03	-7.890846e-03	-3.056885e-03
-4.012578e+01	1.506205e+00	-5.193895e+00	2.730953e-03	8.133024e-03	1.183475e-03
4.683553e+01	-1.017349e+01	7.093081e+00	-2.132098e-03	-9.272853e-03	5.816255e-04
-7.050648e+00	-8.579178e+00	-5.661237e+00	-1.986606e-03	7.814428e-04	2.148304e-03
4.573443e+01	2.636860e+01	9.134074e+00	-2.350011e-03	-1.105161e-02	-2.436319e-04
-1.263254e+01	2.036432e+01	1.508061e+01	-3.960072e-03	2.444315e-03	-2.345061e-03
4.150196e+01	-2.148512e+01	8.438402e+00	-2.593823e-03	-1.012447e-02	-1.016648e-03
3.060040e+01	3.693902e+01	6.551505e+00	1.048957e-04	-4.329053e-03	2.966062e-04
1.331834e+01	2.784360e+01	-3.469128e+00	1.163198e-03	-9.480164e-04	1.032905e-03
3.332992e+01	-3.985099e+01	-4.722795e+00	4.571141e-03	-5.395270e-03	2.589166e-03
1.266184e+00	-3.002940e+01	-1.241062e+01	-1.026426e-03	-9.241354e-04	-4.487034e-04
3.002735e+01	-1.501682e+01	-6.437275e+00	-3.896064e-03	-2.287194e-03	7.273571e-04
1.381219e+01	7.075449e+00	1.844535e+01	-1.299519e-03	-4.065055e-04	-8.193041e-07
4.165909e+01	-7.046617e+00	-1.531275e+01	-8.638341e-03	-8.205931e-03	-3.424934e-03
4.855861e+01	-2.014398e+01	1.568426e+00	-3.615544e-03	-9.496858e-03	-6.333499e-05
-1.057011e+00	1.091150e+01	-9.515526e+00	1.368414e-03	7.639167e-04	-1.051501e-03
2.108626e+01	-1.020585e+01	4.115944e+00	-2.656474e-03	-4.723527e-03	-2.050001e-04
2.364274e+01	-1.115961e+01	2.078050e+01	-2.965936e-03	-4.174870e-03	-3.104521e-03
-3.002696e+01	-4.652442e+01	-8.702944e+00	-1.666102e-03	3.856327e-03	3.846452e-03
3.406596e+01	-4.831387e+01	-1.648071e+01	1.825734e-04	-5.528876e-03	-3.188365e-03
1.465094e+01	-4.407472e+01	9.612840e+00	1.624631e-03	-1.131528e-03	-2.429415e-03
-3.793566e+01	2.791757e+01	-1.168024e+00	-4.808590e-03	7.184091e-03	-1.529925e-03
4.613143e+01	3.704070e+01	7.178267e+00	-1.059726e-03	-9.058159e-03	1.870666e-03
-1.028482e+01	1.232209e+01	8.158808e-01	8.604384e-05	5.355333e-04	5.620092e-04
-3.436683e+01	2.839356e+01	5.161539e-01	-3.139245e-03	4.900301e-03	-5.167175e-04
2.686325e+00	-3.987362e+00	5.478494e+00	-1.434133e-03	-1.699916e-04	2.380213e-03
-6.541145e-01	1.327429e+01	-5.476858e+00	2.898892e-03	3.085882e-04	3.911179e-04
-1.707702e+01	-4.932655e+01	-4.690435e+00	-1.840891e-03	1.353250e-03	2.754843e-03
-4.314205e+01	-7.710240e+00	3.051623e+00	5.496304e-03	8.447319e-03	-1.159163e-03
2.432981e+01	-2.852049e+01	-1.520939e+01	-6.289854e-03	-4.752933e-03	-5.017039e-04
-3.853854e+01	-4.414091e+00	6.278065e+00	-1.930007e-03	7.069264e-03	-3.009494e-03
-3.866971e+01	-4.125771e+01	-1.139261e+01	2.024236e-03	7.868493e-03	-1.955716e-03
-1.149837e+01	4.187307e+01	-3.300729e+00	-2.228301e-03	1.990807e-03	2.853951e-04
1.173103e+01	-4.751107e+01	-4.420638e+00	1.355765e-03	-1.082942e-03	-5.171649e-04
1.821853e+01	-1.208011e+01	7.542513e+00	-2.203716e-03	-4.093173e-03	-5.858657e-04
-2.813610e+01	-3.195169e+00	3.944817e+00	5.701913e-03	4.363286e-03	-6.073475e-04
-4.901057e+01	4.060794e+00	-8.900974e+00	4.816680e-03	1.290393e-02	4.579459e-04
4.271150e+01	-5.050071e+00	7.531013e+00	-8.426037e-04	-7.890750e-03	-1.050105e-05
1.457716e+01	4.665358e+00	1.190416e+01	4.246009e-04	-3.312188e-03	-8.703667e-04
-7.499623e+00	-1.865663e+01	-1.446065e+01	2.933062e-03	2.730018e-03	6.997357e-04
-2.998338e+01	1.540208e+01	1.028627e+01	-2.086712e-03	4.218483e-03	1.652329e-03
-1.520122e+01	-3.242826e+00	1.653086e+00	-3.323078e-04	3.112017e-03	-3.325666e-04
2.848059e+01	2.373243e+01	-1.203806e+01	-2.065829e-03	-4.522021e-03	-4.939554e-04
4.453989e+01	2.664779e+00	-4.293668e+00	-3.162096e-03	-7.605427e-03	6.264787e-04
3.219918e+00	2.490244e+01	2.223712e+01	5.416132e-03	5.353877e-04	4.293494e-04
1.924613e+01	4.521972e+01	-4.289991e+00	-2.501630e-03	-2.428219e-03	1.333382e-03
4.902311e+01	-1.080727e+01	-2.422790e+00	-3.186168e-04	-9.860553e-03	9.746488e-04
3.962252e+01	-2.785241e+00	4.007627e+00	-1.384933e-03	-6.699379e-03	-2.062982e-04
1.545106e+01	9.651561e+00	-1.237849e+01	5.529800e-04	1.803218e-03	1.774506e-04
-3.615054e+01	-8.733677e+00	-1.570496e+01	2.564365e-03	9.889320e-03	-2.171472e-03
-3.966846e+01	2.249873e+01	1.047862e+01	2.339634e-04	1.171918e-02	-1.869143e-03
4.934314e+00	1.756633e+01	-4.842425e-01	4.748553e-03	-2.875504e-03	1.697119e-03
-1.343323e+01	1.843541e+01	5.842411e+00	-2.161757e-03	1.841321e-03	3.284928e-03
4.088255e+01	-3.686940e+00	5.926871e-01	-2.043518e-03	-7.533231e-03	-2.121201e-03
-1.434873e+01	-4.795511e+01	-8.106788e+00	-8.171632e-04	2.812520e-03	6.911010e-04
-4.132449e+01	4.026623e+00	6.395145e+00	3.951574e-03	7.121453e-03	-9.780614e-05
-1.653910e+01	8.658845e+00	1.930107e+00	2.433711e-03	3.327316e-03	8.708389e-04
1.798440e+00	-1.133763e+01	6.396422e+00	-3.987809e-03	1.925497e-03	9.031037e-04
3.435358e+01	4.213784e+01	6.124004e+00	-8.031165e-03	-9.335305e-03	4.746045e-04
1.285423e+01	4.010912e+01	5.354246e+00	6.377370e-04	-2.556641e-03	1.364359e-03
1.184188e+00	-2.275402e+01	1.355188e+01	-2.716375e-03	-1.426798e-03	-3.874277e-03
3.385809e+01	-3.035575e+01	-5.385017e+00	2.567800e-03	-1.312855e-03	-1.212762e-03
-1.355639e+00	-2.423310e+01	-2.115696e-01	-1.182387e-03	8.601509e-04	8.265979e-04
3.187277e+01	-2.180246e+01	7.044856e+00	-5.413194e-03	-6.153737e-03	-3.018161e-03
-3.247449e+01	3.975596e+01	1.129296e+01	1.326564e-03	8.254836e-03	-2.321251e-03
-4.926409e+01	1.820422e+01	1.145971e+01	-1.082873e-03	6.875793e-03	3.113489e-03
4.986134e+01	-3.930824e+01	6.789928e+00	-3.950808e-03	-9.560424e-03	-2.069591e-04
4.537688e+01	6.880324e-01	-1.054952e+01	1.991200e-03	-7.600459e-03	-7.490456e-04
-4.430346e+01	3.734181e+01	-2.850526e+00	-4.555152e-03	1.234882e-02	-2.775147e-03
1.184612e+01	-2.132408e+01	-6.181933e+00	8.134395e-04	-6.650644e-04	-8.613588e-04
-3.621849e+01	1.173874e+01	5.527795e+00	-4.718459e-04	6.666071e-03	2.496536e-03
3.376719e+01	2.422773e+00	5.526460e+00	9.433818e-04	-6.744840e-03	-3.603598e-04
4.712376e+01	1.471498e+01	6.360254e+00	-2.036558e-03	-9.041181e-03	3.472662e-04
-1.846191e+01	-3.320913e+00	-1.671375e+00	-1.896486e-03	4.762374e-03	1.719760e-03
1.950386e+01	-2.421298e+00	1.283648e+00	-1.148319e-03	-2.837559e-03	1.198482e-03
4.913823e+01	4.857125e+01	-8.703057e+00	-1.937175e-04	-1.064898e-02	1.527573e-03
-4.185625e+01	-3.756761e+01	-1.049371e+01	3.889618e-03	1.028125e-02	1.353841e-03
-4.616797e+01	-5.829294e-01	5.651384e-01	3.896539e-03	7.848840e-03	1.028881e-03
-1.512796e+01	6.346468e+00	-2.144773e+00	1.283194e-03	6.124291e-04	-1.239870e-03
-7.380201e+00	-4.880638e+00	-7.491543e+00	-2.275589e-04	1.429488e-03	-2.917709e-04
-4.083066e+01	3.197510e+01	2.151588e+00	9.890013e-04	8.652893e-03	1.876240e-04
3.060957e+01	2.477827e+01	-7.986010e+00	-4.065493e-03	-4.500229e-03	-5.124445e-04
2.325132e+01	-1.401269e+01	1.051867e+01	-2.837030e-03	-5.712231e-03	-7.698145e-04
4.816768e+00	4.316884e+01	-4.555901e+00	-5.072692e-05	-4.915475e-04	-5.774438e-04
3.625618e+01	-1.019999e+01	-1.482952e+01	-2.735386e-03	-8.686745e-03	-1.780185e-03
2.312153e+00	1.635120e+01	9.697957e+00	1.610271e-03	3.570323e-04	3.179661e-04
3.221461e+01	-1.725775e+01	-4.649895e+00	-4.473324e-03	-5.915728e-03	9.926988e-04
3.346033e+01	-8.907091e+00	7.439129e+00	-3.163090e-03	-6.571738e-03	6.788162e-04
4.417273e+01	-3.601646e+00	-8.130948e+00	-1.969038e-03	-9.322169e-03	2.120906e-03
-1.375533e+01	-1.333404e+01	-1.818636e+01	2.431132e-04	5.537430e-03	5.840863e-04
-3.686565e+01	-4.893174e+01	8.408252e-02	1.062783e-03	6.535870e-03	-1.452580e-03
-2.756360e+01	1.568090e+01	2.492227e+00	-2.066978e-03	3.160306e-03	2.005462e-04
2.917781e+01	-2.733434e+01	9.365541e+00	-5.600344e-04	-4.848914e-03	-1.096313e-03
-3.707741e+01	1.453907e+01	9.962539e+00	1.872928e-03	7.832457e-03	-1.671713e-05
-2.542073e+00	-2.011956e+01	-8.642406e+00	-1.837513e-03	4.775098e-04	-1.812446e-03
1.097009e+01	-1.837624e+01	-1.159350e+01	-1.055343e-03	-5.948732e-04	-1.148839e-04
2.152954e+01	-4.234465e+01	-5.755022e+00	2.258275e-03	-3.935272e-03	-3.063802e-04
2.126056e+01	3.787735e+01	-1.254189e+01	-3.419640e-03	-4.064428e-03	-8.227498e-04
2.988599e+01	2.370398e+01	2.704405e+00	-3.001394e-03	-6.770592e-03	-4.434155e-04
7.731795e+00	3.420903e+00	-5.560007e-01	1.299584e-03	1.209669e-03	-1.078385e-03
1.096940e-01	3.146582e+01	7.727818e+00	-1.107588e-02	-2.276816e-03	-1.949035e-03
2.329873e+01	-4.111472e+01	-2.830454e-01	2.240471e-03	-4.263507e-03	-5.618025e-04
4.536363e+01	-2.975138e+01	1.842660e+00	-6.106474e-03	-1.150266e-02	-1.751631e-03
-5.958585e+00	-4.493648e+01	1.630706e+01	6.480658e-03	1.332712e-03	-2.363922e-03
-3.799307e+01	2.091300e+01	3.280065e+00	1.774644e-03	8.865186e-03	1.066389e-03
-2.704345e+01	-1.718463e+01	-6.016363e+00	-1.803011e-03	4.282283e-03	2.548486e-04
2.048964e+01	3.439685e+01	5.496873e+00	1.378213e-03	-4.254175e-03	-5.854905e-04
-1.040084e+01	5.334703e+00	-9.350097e+00	-4.310271e-04	2.531595e-05	1.002535e-03
8.745020e+00	-1.181092e+01	-7.052803e+00	1.062128e-03	-5.271235e-04	-1.203406e-03
-4.007022e+01	3.737759e+01	-1.016611e+00	-3.769018e-03	5.927059e-03	-2.515987e-04
7.226613e-01	1.031319e+01	1.142303e+01	3.024776e-04	4.627422e-04	8.354055e-04
-4.060666e+01	4.362270e+01	-4.136439e+00	1.122187e-04	8.079144e-03	-5.572417e-04
3.628134e+01	1.641897e+01	-4.344670e-01	-1.674578e-03	-7.034406e-03	1.720358e-03
3.117112e+01	-1.290440e+01	-1.208492e+00	4.922832e-04	-8.827896e-03	1.247586e-03
2.237630e+01	2.921372e+01	-2.052447e+01	-3.969567e-03	-3.665904e-03	-1.853677e-03
-1.501093e+01	2.299701e+00	6.511127e-01	7.027295e-04	4.518476e-04	-1.617844e-03
2.343166e+00	8.600367e+00	-8.841195e+00	3.076178e-03	1.365340e-03	1.631860e-03
-8.295176e+00	-3.405794e+01	4.639917e+00	7.724770e-04	6.194848e-04	2.359886e-03
-8.602013e-01	-6.870022e+00	3.183862e+00	-6.001118e-04	-1.324052e-04	-7.553033e-04
-1.107701e+01	1.113094e+01	-3.177052e+00	-1.252968e-04	-2.810841e-04	9.394954e-04
-1.937762e+01	4.056250e+01	1.821655e+01	-4.978872e-03	2.386267e-03	5.719700e-04
-1.447421e+01	2.159726e+01	1.901975e+01	4.981712e-03	3.700023e-03	2.268248e-03
-4.909136e+00	-6.555676e+00	8.451176e+00	-2.219317e-03	1.188361e-03	-1.257802e-03
5.853155e+00	-2.016692e+01	-1.112605e+01	3.187736e-03	2.388613e-03	-1.127114e-03
-2.038585e+01	1.968282e+01	5.810965e+00	-2.249612e-03	1.999122e-03	-3.448715e-04
7.493515e+00	6.011098e+00	2.482882e+00	1.312837e-03	-1.061075e-03	2.311090e-04
3.912038e-01	1.326334e+01	1.304482e+01	5.580480e-04	-9.390171e-04	-2.816638e-03
-1.820150e+01	4.212915e+01	-2.137100e+01	2.336572e-03	2.485312e-03	1.883094e-03
-4.582200e+00	1.478574e+01	2.394375e+00	1.667059e-03	5.908159e-04	5.792709e-04
-1.454135e+01	4.429265e+00	1.619875e+00	7.523886e-04	5.120760e-04	-8.680015e-04
-2.667544e+01	-1.028082e+01	-3.893397e+00	7.601639e-04	8.290498e-03	4.279966e-03
-1.219271e+01	-4.548735e-01	-1.597285e+01	9.981165e-04	3.117876e-03	-1.376519e-03
1.550347e+01	-1.025353e+01	-8.411846e+00	-5.733097e-03	-3.347829e-03	1.866588e-03
1.571621e+01	-2.079333e+01	-1.084784e+01	-5.965617e-04	-3.507989e-03	2.024105e-03
2.412172e+01	4.224016e+01	2.109116e-01	-3.176882e-03	-4.516417e-03	-6.178872e-04
-3.793802e+01	-1.631018e+01	-1.865767e+01	3.163487e-04	8.724443e-03	7.248008e-04
-3.747433e+00	3.661033e+01	-3.139870e+00	-1.006010e-03	1.367443e-03	-8.622019e-04
-4.264302e+01	-1.294340e+01	1.901126e+01	1.799094e-03	8.656664e-03	2.332260e-03
2.967700e+01	4.797794e+01	7.831206e+00	-3.389430e-03	-6.296135e-03	1.532462e-03
1.773206e+01	3.965737e+01	-1.117680e+01	-4.083687e-03	-5.387672e-03	1.332313e-03
-6.564101e+00	3.537964e+01	-5.464992e+00	-1.932796e-03	1.599909e-03	-1.392018e-03
-1.481027e+00	4.130446e+01	-1.540619e+00	3.029162e-06	1.687424e-03	-2.718495e-04
-7.374359e+00	-2.439362e+01	-1.791985e+01	3.193004e-03	5.963973e-04	1.130161e-03
5.865470e+00	4.237658e+01	-1.837766e+01	-4.603053e-05	-1.726819e-03	1.608248e-03
2.758249e+01	-2.250798e+01	-6.849199e-01	-1.328853e-03	-5.799430e-03	3.651322e-04
2.142562e+01	-3.040790e+01	1.502066e+00	-7.151914e-03	-3.766536e-03	2.583861e-03
-1.830074e+01	1.771939e+01	1.083856e+00	9.929976e-04	2.303515e-03	-8.886360e-04
8.524658e+00	-4.240172e+01	-2.314324e+01	-6.721521e-03	-2.940435e-03	-7.949280e-04
3.247999e+01	-8.818949e+00	-3.658269e-01	-3.548263e-03	-5.318325e-03	-3.378151e-04
7.760549e+00	-2.285291e+01	-3.548700e+00	3.209502e-04	-9.513565e-04	4.273688e-04
-1.443315e+01	7.739035e+00	1.247870e+00	2.056841e-03	1.290731e-04	-5.305603e-04
1.358894e+01	-3.102789e+01	-9.798395e+00	3.182342e-04	-7.867486e-04	3.006892e-03
-3.383007e+01	4.081109e+01	-6.107238e+00	-2.979462e-03	5.062929e-03	-9.820264e-04
-3.254366e+01	-1.525615e+01	-1.836846e+00	-2.822255e-03	6.208310e-03	7.677070e-04
4.299707e+01	-3.956064e+01	7.216716e+00	6.821941e-03	-7.323949e-03	-1.642471e-03
-2.564525e+01	2.658349e+01	8.004059e+00	-5.103934e-04	2.519050e-03	-1.969357e-03
-1.401557e+01	1.203340e+01	4.378695e-01	6.138854e-04	-7.998746e-04	9.290136e-04
-3.892930e+01	1.179210e+01	1.519340e+01	1.581063e-03	8.199657e-03	-2.046691e-03
-4.977563e+01	-1.600239e+01	4.435042e+00	-1.763150e-03	1.060085e-02	-9.155075e-04
-2.927119e+01	-4.221407e+01	9.986623e-01	-8.476398e-03	6.923090e-03	2.919186e-03
-2.940371e+01	-4.995079e+01	3.922365e+00	-1.912507e-03	4.242181e-03	-7.252787e-04
7.056071e+00	3.901825e+00	-5.142308e+00	2.402468e-03	1.142077e-03	1.831268e-03
1.409241e+01	2.090112e+01	1.828743e+01	-1.167480e-03	-5.256127e-03	-4.640059e-04
8.547512e+00	3.795328e+01	4.074954e+00	4.187768e-04	-1.620303e-03	-1.238129e-03
-4.736965e+01	-7.936047e+00	-5.443928e-01	2.634080e-04	9.329652e-03	-3.539187e-04
6.592341e+00	4.698666e+01	1.299732e+00	2.674182e-03	-1.615045e-03	4.522902e-04
1.614313e+01	-1.906964e+01	-1.418704e+01	2.010807e-03	-2.341122e-03	1.213308e-04
1.388233e+01	-4.653137e+01	1.604402e+01	2.127706e-03	-1.442246e-03	2.432778e-04
4.546794e+01	-1.209541e+00	-6.504094e+00	-5.647709e-04	-9.265759e-03	-6.623104e-04
4.492912e+01	-3.552257e+01	-3.679296e+00	-8.830432e-04	-8.036434e-03	-4.489731e-04
-5.055281e+00	1.084774e+01	-8.952046e+00	6.994569e-04	6.066616e-04	-5.134066e-05
-1.761152e+01	-4.748037e+01	-6.212243e+00	1.429850e-03	4.448030e-03	-8.418366e-05
2.917285e+01	-3.497085e+01	1.616348e+01	6.857230e-03	-3.644861e-03	-1.596042e-03
1.160376e+01	-1.073814e+01	-1.008262e+01	-7.758304e-03	-2.655408e-03	-4.261488e-03
3.187751e+01	-4.061117e+01	1.906086e+00	-6.519910e-03	-7.074943e-03	6.670070e-04
2.970492e+00	-2.478102e-01	-8.655938e+00	1.382342e-03	1.304559e-03	1.629102e-04
7.400152e+00	-8.385429e+00	7.352138e-01	2.632956e-03	-1.154343e-03	8.969872e-04
4.082534e+00	-7.323290e+00	-6.113086e+00	1.299728e-03	2.316822e-03	1.457761e-05
-4.999095e+01	4.097890e+01	-1.374820e+01	7.388358e-03	1.180374e-02	4.545731e-03
