4.401645e+01	2.175122e+00	1.245023e+01	-1.403145e-03	-7.249859e-03	-6.837857e-04
4.317567e+01	1.218424e+01	-2.478481e+00	1.987249e-03	-8.989568e-03	-5.808521e-04
2.752134e+01	2.413717e+01	-4.264453e+00	-9.264048e-04	-5.714864e-03	7.832013e-04
-4.277051e+01	5.616284e+00	-7.667117e+00	6.413016e-03	7.235528e-03	-2.136299e-03
-1.904159e+01	-4.628291e+01	-2.112484e+01	1.998648e-04	2.405045e-03	-4.150963e-04
4.939512e+01	-1.331010e+01	7.286270e+00	-1.426502e-03	-9.439182e-03	-6.732863e-04
-3.599305e+01	-4.711752e+01	1.405855e+00	3.230648e-03	9.268924e-03	-7.028313e-04
1.781522e+01	-4.434502e+01	-2.045281e+00	7.080873e-04	-4.129318e-03	-1.432113e-03
4.316252e+01	1.714688e+01	-3.847746e-01	7.221542e-05	-7.994865e-03	-5.628804e-04
-3.906057e+01	-1.704896e+01	-5.725622e+00	3.728499e-03	8.723570e-03	-1.478174e-03
-4.765010e+01	-1.441400e+01	-2.295350e+00	3.737247e-03	9.939517e-03	-1.292377e-03
-3.663969e+00	-4.032219e+01	-9.812584e+00	1.351740e-03	3.709432e-03	-2.914685e-04
3.205748e+01	2.788826e+01	-9.486093e+00	1.535078e-03	-7.116392e-03	1.743630e-03
-3.931506e+01	-3.140096e+00	1.493782e+01	6.520092e-03	1.099625e-02	6.612805e-04
3.827190e+01	3.230363e+00	2.223173e+01	-6.244853e-03	-7.873729e-03	-1.584938e-03
9.123108e+00	-4.717405e+01	8.527040e+00	-5.029368e-03	-9.056586e-04	-1.386518e-03
3.380967e+01	1.911850e+01	1.445444e+01	4.080389e-03	-7.049715e-03	-2.991041e-03
-3.670790e+01	-3.658739e+01	2.797266e+00	-2.921579e-03	8.982024e-03	2.119436e-03
4.360390e+01	3.707118e+01	-5.428181e+00	8.668808e-04	-7.632133e-03	-1.775912e-03
3.255492e+01	-6.372793e+00	2.727826e-02	1.765582e-04	-2.277217e-03	1.031090e-03
-9.654451e+00	-3.701051e+01	-8.275695e+00	8.948620e-04	4.546737e-03	1.216407e-03
5.839164e+00	4.183240e+01	3.635529e+00	-3.520156e-03	-1.136248e-03	5.401538e-04
4.347144e+01	-2.741527e+01	-9.024324e+00	-6.326711e-04	-8.173369e-03	-3.182664e-03
-3.901396e+01	1.410734e+01	-4.642092e+00	1.388787e-03	6.916258e-03	-1.696348e-03
3.271730e+01	-4.046019e+01	1.268678e+01	-2.332341e-03	-6.301792e-03	-1.483708e-03
2.818437e+01	1.738734e+01	-8.699107e+00	-2.011991e-03	-5.301000e-03	-3.509750e-03
9.177601e+00	4.069800e+01	-6.372428e+00	-2.212011e-04	-8.277339e-04	-3.515164e-03
1.575285e+01	-6.694876e+00	1.009794e+01	1.531087e-03	-2.133939e-03	1.037794e-03
-2.514111e+01	-1.310477e+01	-4.863162e+00	5.418567e-03	5.197770e-03	5.585387e-04
-4.610256e+01	3.060883e+01	1.881579e+01	1.255915e-03	9.282423e-03	-8.706210e-04
1.252980e+00	4.645679e+01	-1.149813e+01	1.985201e-03	1.195837e-03	-7.947587e-04
-1.749261e+01	-4.981230e+01	7.010499e+00	2.534514e-03	5.452008e-03	2.603384e-03
4.907921e+01	-2.113325e+01	6.169792e+00	-1.913057e-03	-9.285172e-03	6.439779e-05
2.648723e+01	4.441527e+00	-1.703645e+00	3.314978e-03	-4.900632e-03	5.278293e-04
-1.025486e+01	4.060676e+01	-2.538036e+00	-1.241749e-03	2.871654e-03	1.338671e-04
9.488125e+00	4.868905e+01	-8.087153e+00	2.213262e-04	-1.369052e-03	-1.487686e-03
4.069516e+01	-2.840538e+01	-1.299885e+01	-1.756829e-03	-8.086259e-03	3.137331e-03
3.918567e+01	-2.186803e+01	1.231527e+00	4.466838e-04	-8.619363e-03	5.960050e-04
4.424154e+01	-2.835241e+01	3.292575e+00	1.044209e-02	-1.135174e-02	-3.980509e-03
-4.175562e+01	-8.516855e+00	2.154205e+01	-1.540816e-03	4.297855e-03	-6.592035e-04
-2.073832e+01	-3.319680e+01	9.970304e+00	-1.153454e-03	3.859348e-03	-1.360355e-04
3.411283e+01	3.680595e+01	3.700545e-02	7.997668e-04	-7.689035e-03	8.313822e-04
3.967817e+01	2.988180e+01	-5.313714e+00	2.746187e-03	-6.554682e-03	-8.793071e-04
3.766936e+01	2.520910e+01	-1.522322e+00	4.101034e-03	-9.115745e-03	1.535706e-03
4.982712e+01	5.172189e+00	-7.671701e+00	1.075430e-03	-9.058518e-03	-8.908097e-05
9.618858e+00	2.560198e+01	9.585913e+00	-8.767354e-04	-2.687855e-03	-2.652815e-03
-1.948488e+01	1.062488e+01	-1.748362e+01	4.612254e-04	1.273683e-03	6.477523e-04
4.199236e+01	3.095902e+01	1.062071e+00	1.106597e-03	-8.405661e-03	9.340236e-04
3.426202e+01	-4.919972e+01	-7.625164e+00	-1.633663e-03	-6.570681e-03	5.422800e-04
-4.374493e+01	-1.273159e+01	2.753853e+00	-2.611128e-03	7.776418e-03	5.318738e-04
1.737310e+01	5.686591e+00	1.632592e+00	3.383693e-03	-5.067683e-03	3.638517e-04
-2.688499e+01	-3.868889e+01	5.844362e+00	-8.779128e-04	5.525373e-03	-3.184403e-04
3.240633e+01	4.125183e+01	-6.078591e+00	1.054007e-03	-6.591027e-03	6.326134e-04
4.144372e+01	-5.051319e+00	7.309641e+00	7.870389e-04	-8.128363e-03	-6.880931e-04
-4.734623e+01	2.897766e+00	8.831868e+00	-3.615426e-03	6.025815e-03	2.469210e-03
4.004521e+01	-3.164713e+01	1.764268e+01	-3.341639e-04	-6.643308e-03	8.770470e-04
-3.255688e+01	-1.482453e+01	7.767607e+00	8.170340e-03	8.440728e-03	3.175394e-04
3.876150e+01	-3.919336e+01	4.648258e+00	-6.707685e-03	-7.994926e-03	3.149375e-04
-3.993786e+01	-2.512318e+01	-9.634165e+00	-1.816439e-03	6.833050e-03	5.631746e-04
4.128659e+01	-1.066441e+01	-8.158111e+00	-9.305196e-04	-6.395497e-03	-1.303179e-03
4.362512e+01	3.801944e+01	2.114320e+00	6.264383e-04	-8.820969e-03	-1.464032e-04
8.456873e-01	4.154806e+01	-2.316477e+00	6.751743e-04	9.434596e-04	2.846794e-04
-2.147633e+01	8.742631e+00	2.962240e-01	-7.306009e-03	1.238551e-03	-5.276254e-03
-3.104095e+01	-3.263959e+01	2.048237e+00	3.024872e-03	5.655319e-03	1.271262e-04
-4.020831e+01	-1.850712e+01	-1.592912e+00	4.318469e-03	8.549634e-03	-8.232423e-04
-4.878001e+01	-1.983038e+01	-2.509346e+00	1.017097e-03	8.998151e-03	-2.162548e-03
-1.698645e+01	-2.175765e+01	-2.969006e+00	-2.448948e-03	6.678764e-03	-2.291877e-04
-1.331914e+01	4.915670e+01	1.617634e-01	-1.498419e-03	4.098996e-03	-1.703711e-03
3.050561e+01	-8.300568e+00	9.235138e-01	8.885600e-04	-7.100476e-03	-1.726212e-03
-2.430736e+01	-1.428222e+00	4.162024e+00	-1.762599e-03	1.039464e-02	2.446168e-03
-4.405057e+01	2.001493e+01	-1.243629e+00	-2.115962e-03	8.276217e-03	3.385372e-04
-4.981540e+01	-8.703802e+00	-6.157665e+00	6.800144e-03	1.055698e-02	-1.111495e-03
2.588503e+01	-2.061871e+01	-4.458982e+00	-1.434950e-04	-3.076626e-03	1.988181e-04
-3.705515e+01	1.498477e+01	-1.550666e+01	1.276364e-05	6.444063e-03	6.554111e-05
-3.165373e+01	4.858423e+01	8.708494e+00	2.614982e-03	9.264984e-03	9.535694e-04
3.006972e+01	3.138704e+01	-2.664422e-02	5.616970e-03	-5.237704e-03	-2.197950e-04
7.652952e+00	1.850762e+01	1.715177e+01	3.590116e-03	-1.369220e-04	2.435741e-03
-2.793553e+01	-3.067034e+01	-2.450603e+00	4.518891e-04	4.364346e-03	-2.420250e-03
-2.476519e+01	-4.089734e+01	7.218344e+00	-1.474080e-03	4.589755e-03	-5.274387e-04
-1.803895e+01	2.093471e+01	1.690026e+00	7.190837e-04	3.260765e-03	3.570075e-03
-2.317818e+01	-4.533879e+01	5.952186e+00	3.781084e-03	5.150323e-03	-2.105115e-03
4.248646e+01	-3.997168e+01	6.186536e+00	-3.874052e-03	-9.819412e-03	-1.662970e-03
3.109238e+01	2.663050e+01	1.175177e+00	6.761228e-03	-4.688938e-03	9.339286e-05
-4.115225e+01	-1.093525e+01	-1.183712e-01	-5.638042e-04	6.117494e-03	1.540098e-04
4.581671e+01	-3.402081e+01	1.287664e+00	3.594117e-03	-1.207655e-02	3.335392e-03
4.474813e+00	-8.600220e+00	3.567508e+00	2.145451e-03	8.909445e-04	8.228811e-04
4.770880e+01	4.650924e+01	-7.286376e+00	-2.867419e-03	-1.430539e-02	1.100257e-03
-4.460593e+01	-1.599258e+01	8.909014e+00	4.043191e-03	8.683087e-03	3.015866e-04
-3.334458e+00	1.248207e+01	-5.186126e+00	1.275081e-03	2.267670e-03	1.628409e-03
-2.555732e+01	-2.886139e+01	2.087768e+00	-1.080416e-04	3.753692e-03	-3.589769e-04
7.091848e+00	1.244161e+01	-5.415495e+00	1.748116e-03	-1.600179e-03	-3.094710e-04
-3.943843e+01	1.856778e+01	-8.412878e+00	-5.320977e-04	7.649496e-03	-2.601234e-05
1.804465e+01	4.705199e+01	3.606461e+00	1.582467e-04	-5.766044e-03	3.960557e-04
-3.232495e+01	-3.793601e+01	-1.651434e+00	-1.113137e-03	3.510252e-03	1.473953e-03
2.548481e+01	1.059094e+01	-1.652758e+00	-3.048884e-03	-7.798372e-03	-1.381851e-04
-3.846791e+01	7.574759e+00	-4.436330e+00	-2.069957e-03	6.574361e-03	2.326036e-03
2.095682e+01	-2.029325e+01	2.112853e+01	4.216005e-03	-6.217325e-03	-2.188793e-03
1.403125e+00	3.961523e+01	3.893284e+00	-4.404314e-03	-3.614879e-03	-1.278391e-03
4.711342e+01	-7.504556e+00	5.995226e+00	1.283103e-03	-9.170160e-03	-5.532414e-04
-1.564506e+01	3.739258e+01	-9.938401e+00	-2.809245e-03	2.878141e-03	-3.186863e-03
1.889394e+01	1.975119e+01	9.996106e+00	3.563113e-03	-2.938121e-03	-2.685021e-03
2.407949e+01	4.143042e+01	-2.960726e+00	-3.290737e-03	-7.771797e-03	5.730028e-04
-4.053311e+01	4.367580e+01	2.087918e+00	-1.725976e-03	6.905947e-03	8.186385e-04
-1.802087e+01	-3.662888e+01	-4.755456e-01	5.002829e-06	3.726828e-03	1.812416e-04
3.465513e+01	-3.706285e+01	-4.385486e-01	4.392972e-03	-4.463042e-03	-1.214141e-03
4.248269e+01	3.843754e+01	-2.667183e+00	3.735020e-04	-9.173010e-03	-5.945111e-04
-1.791359e+01	-4.719123e+01	3.428666e+00	-1.994566e-03	3.161821e-03	-1.508573e-03
3.539904e+01	3.674130e+00	1.534696e+01	4.962600e-04	-5.625964e-03	-1.057619e-03
2.067336e+01	1.447247e+01	-1.450453e+00	-1.070801e-03	-1.941845e-03	3.022511e-03
-3.995733e+01	-2.254106e+01	-5.139775e+00	-1.560917e-03	4.994442e-03	-6.598785e-04
3.368377e+01	-1.066743e+01	1.145363e+00	-2.110140e-03	-8.195595e-03	2.683478e-03
-2.936754e+01	3.158735e+00	3.855241e+00	-2.628505e-03	5.013354e-03	9.312371e-05
1.367412e+01	-9.654092e+00	9.957154e+00	-2.723399e-03	-1.895597e-03	-5.115429e-04
2.267434e+00	3.804580e+01	1.026290e+01	-3.061370e-03	-1.956218e-03	-7.663559e-04
2.605243e+01	-2.603884e+01	-7.080128e+00	3.967376e-03	-4.114494e-03	1.584429e-03
-3.700960e+01	-2.704228e+01	-2.515352e+00	-2.679358e-03	4.766978e-03	-7.971624e-05
2.104214e+01	7.970996e+00	2.064319e+00	3.043772e-03	-3.740327e-03	8.413964e-05
4.709207e+01	-3.103339e+01	-1.942892e+00	2.579636e-03	-9.074207e-03	-1.038640e-03
2.002943e+01	1.788308e+01	5.846597e-01	-5.366516e-03	-3.434849e-03	-2.233008e-03
-3.895959e+01	-2.228535e+01	1.079122e+01	-3.941291e-04	4.948550e-03	4.024509e-03
-4.917881e+01	1.007949e+01	-6.787586e+00	-1.878093e-03	8.969128e-03	-1.302780e-03
-4.364445e+00	-4.338842e+01	-7.436160e+00	1.296449e-03	4.089455e-03	-5.431823e-04
-4.711845e+01	-4.059661e+01	5.843085e+00	8.455094e-03	9.747632e-03	1.181499e-04
-2.135902e+01	7.355160e-01	7.318284e-01	-3.000782e-03	5.695897e-03	-2.434216e-04
4.185971e+00	3.947203e+01	1.445888e+01	-3.771441e-03	-1.622812e-03	-1.330185e-03
1.087457e+01	3.114913e+01	-2.739374e+00	2.130628e-03	-1.381607e-03	1.135031e-04
-3.270693e+01	4.751174e+00	-9.358065e+00	-7.567801e-03	7.125436e-03	2.461358e-03
-2.756176e+01	-3.071087e+01	1.247334e-01	1.592735e-04	4.362799e-03	-1.989437e-03
-2.348080e+01	-4.748305e+01	-5.163147e+00	5.702099e-03	3.417412e-03	7.598542e-04
-4.817818e+01	1.099307e+01	1.308563e+01	-4.949096e-04	9.232162e-03	1.732282e-03
3.597732e+01	1.261480e+01	1.326586e+01	2.789947e-03	-4.313678e-03	2.632496e-03
-2.999408e+01	2.535471e+01	9.993832e+00	9.475997e-04	5.092002e-03	6.555440e-04
3.233915e+00	1.095838e+01	1.115413e+01	2.035622e-03	-5.045853e-04	1.136815e-03
8.298283e-02	-3.668964e+01	-1.082049e+00	8.719536e-04	3.314531e-03	9.556213e-04
3.138448e+01	-4.787439e+01	3.438958e+00	1.545728e-03	-7.056519e-03	-1.336341e-03
-4.256054e+01	4.488631e+01	1.362648e+01	4.167413e-03	8.664419e-03	-4.982165e-03
4.431969e+01	-9.996756e+00	2.198984e-01	4.597310e-05	-9.224242e-03	-9.119203e-04
4.004136e+01	-2.763198e+01	1.240915e+01	1.035489e-04	-1.364138e-02	3.144397e-03
-4.515578e+01	1.872567e+00	-1.327398e+01	3.171607e-03	1.053847e-02	-1.258460e-03
-4.536457e+01	5.534258e+00	-1.361864e+00	-3.542186e-03	7.360700e-03	1.846315e-03
3.683049e+01	2.669643e+01	1.076937e+01	-8.866972e-03	-1.090229e-02	1.357442e-03
2.077400e+01	4.241223e+01	1.521186e+00	-1.196464e-03	-4.185596e-03	-1.197049e-03
-2.322405e+01	-2.640969e+01	2.536190e+00	-1.128492e-03	3.478056e-03	-3.850549e-04
3.122353e+01	4.850218e+01	1.245667e+01	-1.570806e-03	-5.083127e-03	-4.040996e-04
3.767472e+01	-1.147235e+01	6.504125e+00	-8.733996e-04	-7.780636e-03	3.618842e-04
4.922660e+01	4.750474e+01	1.795836e+01	-4.902948e-04	-9.248997e-03	8.667503e-04
-3.478178e+01	-3.579791e+01	-4.529105e+00	4.292583e-03	5.619419e-03	1.527801e-03
3.392720e+01	-4.955741e+00	2.471947e+00	-3.769413e-04	-6.721292e-03	-1.521248e-03
-3.139909e+01	4.723784e+01	4.535156e+00	1.410335e-03	5.715864e-03	6.351070e-04
2.181868e+01	-1.000199e+00	3.931578e-01	4.838390e-03	-3.496599e-03	1.213339e-03
-1.755721e+01	9.385628e+00	-4.705681e+00	3.235826e-03	2.498038e-03	2.057163e-03
-2.137113e+01	2.055804e+01	4.067146e+00	1.588594e-03	3.220887e-03	-1.129156e-03
3.739276e+01	-3.104899e+01	-1.439107e+01	1.648204e-03	-9.373567e-03	-6.032145e-04
4.500416e+01	-1.691613e+01	-7.763901e+00	4.644679e-03	-1.011890e-02	-4.558980e-04
-4.104380e+01	-1.629237e+01	6.370660e+00	2.138420e-03	1.028608e-02	3.573619e-04
3.626843e+01	-4.921957e+01	1.582292e+01	-6.646544e-03	-8.717514e-03	-1.148346e-03
-4.395582e+01	-4.459544e+01	-4.655991e-01	3.400128e-03	7.631729e-03	-1.342436e-04
-1.884605e+01	3.914773e+00	-1.128642e+00	6.440873e-04	5.658648e-03	2.756763e-03
-2.875402e+01	-3.569000e+01	2.175444e+00	-4.759243e-04	4.194773e-03	-1.993687e-03
3.607509e+01	-8.241972e+00	1.161108e+01	7.915985e-04	-5.493443e-03	-1.019461e-03
2.346885e+00	-3.184532e+01	-6.503941e+00	-3.722514e-03	-9.365246e-04	-4.159545e-03
4.350966e+01	-4.356723e+00	-5.800799e+00	-2.982080e-05	-8.409926e-03	-2.956048e-04
1.318725e+01	3.850987e+01	-2.254506e-01	9.872442e-04	-2.778373e-03	-6.882896e-04
-3.450475e+01	2.125660e+01	4.543667e+00	-8.441774e-04	4.784112e-03	9.168510e-04
-1.008564e+01	-2.934229e+01	7.013052e+00	1.555975e-04	6.175597e-03	1.151479e-03
-4.583755e+01	-3.269031e+01	6.404082e+00	-8.673547e-04	9.603862e-03	1.010893e-03
4.067025e+01	4.076426e+01	-7.884160e+00	-6.558003e-03	-9.814714e-03	2.951344e-05
-7.722434e+00	-4.393001e+01	-1.763243e-01	-1.244696e-03	1.980170e-03	1.368246e-03
-9.692342e+00	-2.959901e+01	-9.999877e+00	-3.877792e-03	2.279795e-03	3.443178e-03
-2.129125e+01	-1.176443e+00	-2.699642e+00	-4.883977e-03	1.869546e-03	-1.461958e-03
-4.861268e+01	-4.893255e+01	2.603339e+00	3.257532e-03	1.113286e-02	-2.144043e-04
3.735498e+01	3.322407e+01	-1.382067e+01	6.044010e-04	-9.890963e-03	-2.333014e-03
1.104032e+01	1.640507e+01	-4.877254e+00	2.176514e-03	-1.114031e-03	2.321025e-03
1.343800e+01	-2.928373e+01	7.523305e+00	1.684771e-03	-2.892359e-03	9.634818e-05
-3.294687e+01	4.411244e+01	3.584633e+00	-6.512211e-03	7.630272e-03	-3.346250e-03
3.122859e+01	3.227735e+01	-2.142824e+00	1.551582e-04	-6.700464e-03	3.921665e-04
1.627722e+01	3.207249e+01	-1.228113e+01	-3.382052e-03	-2.469112e-03	1.274766e-03
6.422457e-01	-4.592578e+01	-4.070100e+00	5.816052e-04	1.279781e-03	6.009448e-04
-9.635214e+00	-4.005331e+01	6.757758e+00	-1.486373e-03	3.385340e-03	8.980988e-04
4.891092e+01	-2.159697e+01	3.849561e+00	-2.619209e-04	-9.991687e-03	-4.626259e-04
-2.257797e+01	-1.235668e+01	6.758898e+00	3.224676e-03	2.042562e-03	2.319499e-03
2.306577e+01	-4.651382e+00	-1.420877e+01	-3.655334e-03	-6.210125e-03	-2.940593e-04
-2.951295e+01	-1.817110e+01	-1.234458e+01	4.304293e-03	3.825420e-03	-2.161933e-03
-3.003924e+01	-9.940459e+00	1.214572e+00	6.933464e-04	5.626818e-03	3.163162e-03
-2.249122e+01	4.532226e+00	1.051568e+01	-1.476527e-03	3.685506e-03	-8.150343e-04
-1.383762e+01	-4.660942e+01	-3.645530e+00	-2.513628e-03	2.661978e-03	9.680409e-05
-4.035958e+01	-1.061831e+01	7.070284e+00	-1.237591e-03	7.732461e-03	2.571961e-03
4.703890e+01	-3.149910e+01	3.709857e+00	3.744276e-04	-8.914471e-03	3.599899e-03
-3.387742e+01	-7.243835e+00	-1.831970e+00	-1.593100e-04	9.065976e-03	7.316752e-06
-4.948892e+01	-1.509298e+01	1.280063e+00	-3.617936e-03	7.981529e-03	-4.051272e-03
3.884022e+01	-2.075075e+00	-1.038063e+01	-2.906662e-03	-7.967803e-03	-7.935190e-04
1.975577e+01	-1.118658e+01	1.720560e+01	-6.842090e-03	-5.814979e-03	-1.317693e-04
2.267303e+01	3.655644e+00	3.439025e+00	1.198809e-05	-3.213608e-03	-1.848873e-03
-2.725175e+01	3.910419e+01	7.633418e+00	2.359616e-03	4.977193e-03	3.935471e-03
-2.587173e+01	-2.431911e+01	9.651871e+00	1.002941e-03	2.090759e-03	1.118407e-03
-3.392359e+01	2.207889e+01	-1.334994e+00	3.396796e-03	6.966270e-03	-1.355388e-03
7.915311e+00	-3.019812e+00	2.567168e+00	-2.752411e-03	1.544843e-03	1.371848e-03
-4.405964e+01	-4.005347e+01	1.640727e+01	-4.502489e-03	6.171048e-03	2.388899e-03
2.156106e+01	1.961467e+01	8.694343e+00	3.661023e-03	-3.422818e-03	2.332073e-04
2.751084e+00	1.668082e+01	-1.126975e+01	-1.000002e-03	8.943057e-04	9.080814e-04
3.613103e+01	8.502828e+00	-5.521107e+00	3.051057e-05	-7.123860e-03	-3.047038e-04
-1.162782e+01	-4.464811e+01	3.733053e+00	6.163765e-04	4.010261e-03	-1.696495e-04
-4.826845e+01	-9.412853e-01	-4.849888e+00	-5.632315e-03	8.586511e-03	-2.997734e-03
-2.517803e+01	-4.306596e+01	-6.091494e+00	-8.234503e-04	6.266448e-03	-1.544820e-03
-1.558985e-01	-1.130888e+01	-1.434082e+01	-9.696696e-04	1.220557e-03	-7.652025e-04
4.141677e+00	3.415895e+01	-5.453131e+00	-9.669296e-04	5.169840e-06	1.955717e-03
-1.553436e+01	1.947784e+01	5.918056e+00	1.794805e-03	6.528775e-03	3.186731e-04
2.498520e+01	3.220517e+01	1.628873e+00	-6.053556e-04	-4.704211e-03	-8.825057e-04
-2.923799e+01	-3.441271e+01	-1.080683e+00	7.120096e-04	4.194275e-03	8.897791e-04
4.427192e+01	5.646859e+00	5.157952e+00	-5.430484e-03	-1.143327e-02	-4.190624e-03
-1.402701e+01	-4.786741e+01	1.860100e+01	6.516218e-03	1.532666e-03	-1.234973e-03
-3.975507e+01	4.032078e+01	-9.067284e+00	-1.020025e-03	1.007778e-02	-8.010406e-04
7.916827e+00	-2.365326e+01	1.172155e+00	2.558789e-03	-3.861782e-03	3.211553e-03
-4.509350e+01	9.034246e+00	1.850776e+01	9.226142e-04	8.639519e-03	3.023641e-03
4.648630e+01	2.938826e+01	-3.502891e+00	-1.147624e-04	-1.038811e-02	-6.531508e-04
3.457552e+01	1.334732e+00	1.136135e-02	-7.463696e-04	-8.551536e-03	-3.095334e-03
2.851695e+01	1.233955e+01	2.268204e+00	-2.320879e-04	-6.702702e-03	3.731745e-04
-1.891602e+01	2.620172e+01	4.007679e-01	1.376647e-03	4.480255e-03	1.962692e-04
4.522248e+01	-2.377749e+01	2.424795e+01	6.287354e-04	-6.480956e-03	-8.877929e-04
2.312349e+01	-1.452457e+01	-8.008734e+00	2.127731e-04	-5.557448e-03	4.858113e-04
4.232731e+01	5.226604e+00	-6.141191e+00	6.110710e-04	-8.150637e-03	-1.073869e-03
-7.353338e+00	-2.562005e+01	-4.614913e+00	-2.888682e-03	2.750793e-03	3.867634e-03
-9.757402e+00	2.745468e+01	6.261828e-01	3.970242e-03	7.084509e-04	3.102523e-04
1.502232e+01	3.531900e+01	5.736891e+00	1.735679e-03	-3.399307e-03	1.148218e-03
2.595295e+01	-1.106586e+00	2.771276e+00	-1.986998e-03	-5.191520e-03	4.167109e-04
2.348613e+01	-4.164936e+01	-1.255065e+01	-7.979252e-03	-5.262889e-03	4.572279e-04
-4.960195e+01	-1.497800e+01	-2.029469e+01	-1.048547e-02	9.004311e-03	9.408391e-04
4.356187e+01	-1.252331e+01	7.739818e+00	2.987150e-04	-8.058450e-03	-7.454821e-04
